((11, 1.3), '([u\'AAAAAAAAAAA\', u\'BBBBBBBBBBB\', u\'CCCCCCCCCCC\', u\'DDDDDDDDDDD\', u\'EEEEEEEEEEE\', u\'FFFFFFFFFFF\', u\'GGGGGGGGGGG\', u\'HHHHHHHHHHH\', u\'IIIIIIIIIII\', u\'JJJJJJJJJJJ\', u\'KKKKKKKKKKK\', u\'LLLLLLLLLLL\', u\'MMMMMMMMMMM\', u\'NNNNNNNNNNN\', u\'OOOOOOOOOOO\', u\'PPPPPPPPPPP\', u\'QQQQQQQQQQQ\', u\'RRRRRRRRRRR\', u\'SSSSSSSSSSS\', u\'TTTTTTTTTTT\', u\'UUUUUUUUUUU\', u\'VVVVVVVVVVV\', u\'WWWWWWWWWWW\', u\'XXXXXXXXXXX\', u\'YYYYYYYYYYY\', u\'ZZZZZZZZZZZ\'], ["([1.0, 0.0, 0.0, 0.0, 0.0, 0.0, 0.0, 0.0, 0.0, 0.0, 0.0, 0.0, 0.0], [[0.0, 1.0, 0.0, 0.0, 0.0, 0.0, 0.0, 0.0, 0.0, 0.0, 0.0, 0.0, 0.0], [0.0, 8.672615972361696e-06, 0.9999855170941085, 5.810283225699254e-06, 6.694076873498617e-12, 2.421018324865651e-18, 1.2050113842188783e-24, 1.3169887805567864e-31, 4.765945690476728e-39, 3.239266363786923e-46, 3.1300200853923217e-53, 1.6792881730124105e-61, 1.4851625426739794e-100], [0.0, 0.0, 1.2522803323431417e-05, 0.9999785611164763, 8.915448670880739e-06, 6.315292609144839e-10, 3.47065350014513e-16, 1.2265860968931106e-23, 1.3336739375428244e-31, 1.0208161411929766e-39, 5.817254644290098e-46, 9.809949894917082e-55, 2.4268911942449813e-85], [0.0, 0.0, 0.0, 9.500670278272711e-06, 0.9999866361099725, 3.8631234133366843e-06, 9.633604013348883e-11, 1.925981637167476e-17, 3.515022384090516e-25, 3.9599392343498265e-33, 3.707889799769361e-39, 9.44522889753262e-48, 8.686260288632301e-73], [0.0, 0.0, 0.0, 0.0, 3.7691033754770378e-06, 0.9999908242779056, 5.4065444307514845e-06, 7.429020493075783e-11, 8.107816556459635e-18, 1.2016249113635775e-25, 1.9057673495004164e-31, 9.748075056710368e-40, 3.1688498040200073e-61], [0.0, 0.0, 0.0, 0.0, 0.0, 4.352364318938777e-06, 0.9999894253920154, 6.222149621835185e-06, 9.40448029060609e-11, 1.5240717429717483e-17, 1.0699858630321866e-23, 1.8903571245616237e-31, 2.34688552903265e-49], [0.0, 0.0, 0.0, 0.0, 0.0, 0.0, 5.2388792524133985e-06, 0.999985760075457, 9.000855190419042e-06, 1.9009988113671707e-10, 7.8845834701106785e-17, 4.246347586998662e-24, 3.4793801930011754e-39], [0.0, 0.0, 0.0, 0.0, 0.0, 0.0, 0.0, 5.097050073583491e-06, 0.9999854235837072, 9.479335713371608e-06, 3.050637591295065e-11, 1.0755144658491411e-17, 8.429034697334943e-30], [0.0, 0.0, 0.0, 0.0, 0.0, 0.0, 0.0, 0.0, 6.895741549345807e-06, 0.9999860444278897, 7.059815305893817e-06, 1.5256260448952195e-11, 1.9445356806304008e-20], [0.0, 0.0, 0.0, 0.0, 0.0, 0.0, 0.0, 0.0, 0.0, 4.148247943393928e-06, 0.9999848325904661, 1.101916105972526e-05, 5.30063809457459e-13], [0.0, 0.0, 0.0, 0.0, 0.0, 0.0, 0.0, 0.0, 0.0, 0.0, 8.242807477944567e-06, 0.9999722602684583, 1.9496924064086758e-05], [0.0, 0.0, 0.0, 0.0, 0.0, 0.0, 0.0, 0.0, 0.0, 0.0, 0.0, 1.7835538401392954e-05, 0.9999821644615988], [1.0, 0.0, 0.0, 0.0, 0.0, 0.0, 0.0, 0.0, 0.0, 0.0, 0.0, 0.0, 0.0]], [[1.0, 0.0, 0.0, 0.0, 0.0, 0.0, 0.0, 0.0, 0.0, 0.0, 0.0, 0.0], [0.0, 0.0, 1.3087995956014717e-46, 9.149291840884668e-63, 0.22222470788166346, 2.496870740768115e-20, 0.7333308586239878, 2.267441295337915e-34, 0.02222240399692677, 0.022222029497422854, 0.0, 0.0], [0.0, 0.0, 2.558507074954606e-29, 1.4063879633832679e-44, 0.28888995891034114, 0.011110717484885721, 0.6888842953620952, 4.6142580858986095e-17, 0.011115028242678208, 1.9493670812622361e-76, 0.0, 0.0], [0.0, 0.0, 1.163343964634659e-15, 3.5596977882612575e-29, 0.31110065701323836, 0.08888865089742241, 0.5777928490990983, 0.011111104615884541, 0.011106738374355584, 4.015707308243725e-61, 0.0, 0.0], [0.0, 0.0, 0.011111112163893627, 2.53461918460625e-15, 0.7000100831966664, 0.16666786432782615, 0.12221094031160351, 2.2054092909088006e-16, 8.841739709923173e-15, 1.9735359743423782e-47, 0.0, 0.0], [0.0, 0.0, 2.3716854700183827e-17, 0.011111594080017991, 0.7888991346827066, 0.1555532944101203, 0.011103091366038662, 0.011110997612899808, 0.022221887848216656, 4.8257840455928696e-31, 0.0, 0.0], [0.0, 0.0, 4.367519831474581e-29, 0.011111675800169862, 0.8111027721064504, 0.12222156606893836, 4.16176647057403e-14, 0.011117518399568838, 0.04444646762482935, 8.39302322780826e-16, 0.0, 0.0], [0.0, 0.0, 2.1058599963870916e-41, 0.011117085771119287, 0.7444477634383768, 0.1777813224083592, 0.01110594877475689, 0.011104883324221474, 0.03333184179299599, 0.011111154490171733, 0.0, 0.0], [0.0, 0.0, 3.0197053758192154e-28, 0.011103479746373143, 0.6555611234466191, 0.12222428556611543, 0.21111111124070092, 1.8625700955017426e-16, 1.9216718665628443e-13, 2.3043517240948406e-16, 0.0, 0.0], [0.0, 0.0, 1.7653345316772555e-15, 0.022224979123542203, 0.17775695705040181, 0.04444252875356041, 0.7333532481856649, 1.864250841294465e-27, 0.022222286886819136, 1.0191400728484439e-14, 0.0, 0.0], [0.0, 0.0, 0.011111141959601141, 0.03333143745874797, 0.38890929381514866, 0.05555603890072872, 0.4888732055562195, 2.667608146106909e-14, 4.340543485963133e-11, 0.022218882266122907, 0.0, 0.0], [0.0, 0.0, 4.018665680615962e-14, 5.045372032463376e-12, 0.18887948503219415, 0.05555529045917215, 0.6777839158598844, 0.011111129570689477, 0.033333388711465364, 0.0333367903615087, 0.0, 0.0], [0.0, 0.0, 0.0, 0.0, 0.0, 0.0, 0.0, 0.0, 0.0, 0.0, 0.0, 1.0]], [\'@\', \'a\', \'b\', \'c\', \'d\', \'e\', \'f\', \'g\', \'h\', \'i\', \'j\', \'$\'])", "([1.0, 0.0, 0.0, 0.0, 0.0, 0.0, 0.0, 0.0, 0.0, 0.0, 0.0, 0.0, 0.0], [[0.0, 1.0, 0.0, 0.0, 0.0, 0.0, 0.0, 0.0, 0.0, 0.0, 0.0, 0.0, 0.0], [0.0, 0.011308631759128475, 0.9723899360283157, 0.010774903422465048, 0.0042380393752383845, 0.0010630316086302212, 0.00020923778587428752, 1.5381461355362465e-05, 8.000314217031216e-07, 3.668435698566554e-08, 1.841964732013303e-09, 1.2485857719794797e-12, 3.223486532910001e-22], [0.0, 0.0, 0.010644872027266779, 0.9731281869510013, 0.01114409809852142, 0.004275769595238477, 0.0007082548495687883, 9.097059461724516e-05, 7.462835316724572e-06, 3.7283597017483427e-07, 1.22096465661471e-08, 2.8539229734032032e-12, 3.552257891012909e-18], [0.0, 0.0, 0.0, 0.010705442375861607, 0.9708232364142897, 0.01383765791168999, 0.0038786036492707756, 0.0006777072962683219, 7.243705289508943e-05, 4.758316289673741e-06, 1.5683788073581473e-07, 1.4554800831853398e-10, 6.268179235121615e-15], [0.0, 0.0, 0.0, 0.0, 0.012690886809058837, 0.9693193818677236, 0.013663334171543704, 0.0037123256537559763, 0.0005652578494248179, 4.689105249964871e-05, 1.8756934950833206e-06, 4.69010978767065e-08, 1.399422401506978e-12], [0.0, 0.0, 0.0, 0.0, 0.0, 0.016963174396005278, 0.9628423727131838, 0.015437144731365786, 0.004113792621872891, 0.0005964604816296731, 4.361917245782546e-05, 3.435782489298489e-06, 1.0099778010185483e-10], [0.0, 0.0, 0.0, 0.0, 0.0, 0.0, 0.02078570815509529, 0.9548664438532739, 0.018033685998849556, 0.00540778561079615, 0.0007932298567011213, 0.0001131457349556715, 7.90327941350119e-10], [0.0, 0.0, 0.0, 0.0, 0.0, 0.0, 0.0, 0.02216535348951502, 0.9488662527720829, 0.02093874946621713, 0.006624954670811043, 0.001404123202204533, 5.66399169988158e-07], [0.0, 0.0, 0.0, 0.0, 0.0, 0.0, 0.0, 0.0, 0.026601653079639097, 0.9429997236864281, 0.026388875946011088, 0.003969367992654608, 4.037929526664587e-05], [0.0, 0.0, 0.0, 0.0, 0.0, 0.0, 0.0, 0.0, 0.0, 0.03374294154737609, 0.9347582940598582, 0.030139768788473572, 0.0013589956042913958], [0.0, 0.0, 0.0, 0.0, 0.0, 0.0, 0.0, 0.0, 0.0, 0.0, 0.049593633770181625, 0.9282845615751448, 0.02212180465467488], [0.0, 0.0, 0.0, 0.0, 0.0, 0.0, 0.0, 0.0, 0.0, 0.0, 0.0, 0.059349952579613834, 0.9406500474203865], [1.0, 0.0, 0.0, 0.0, 0.0, 0.0, 0.0, 0.0, 0.0, 0.0, 0.0, 0.0, 0.0]], [[1.0, 0.0, 0.0, 0.0, 0.0, 0.0, 0.0, 0.0, 0.0, 0.0, 0.0, 0.0], [0.0, 0.022485784759389425, 0.08843280542057709, 0.03318955999189966, 0.18853053381319376, 0.05588489128925014, 0.5113022353703046, 0.011039673837736897, 0.02235985028378818, 0.06677466523385946, 0.0, 0.0], [0.0, 0.05417830392043116, 0.18984899022898022, 0.08754089305132096, 0.2358083521693769, 0.1133144199554966, 0.23357926402117474, 0.019025556795534946, 0.02194624494810252, 0.04475797490958351, 0.0, 0.0], [0.0, 0.11402205246893947, 0.2588785071955798, 0.2911659825037495, 0.13325368013759928, 0.03167986027691236, 0.07403633494047054, 0.07338874278534337, 0.00011050148286041846, 0.023464338208545554, 0.0, 0.0], [0.0, 0.09635132663220007, 0.11566543051005786, 0.4289419965933421, 0.03429022715263446, 0.07781685297157934, 0.021958745779512227, 0.20519713065122144, 0.010731662662025247, 0.009046627047427489, 0.0, 0.0], [0.0, 0.13442627228814993, 0.2609372544311381, 0.36427224559613813, 0.009276929010153846, 0.0003970605923576833, 0.00018355634085185943, 0.23017213273509776, 8.18650956682758e-05, 0.0002526839104456132, 0.0, 0.0], [0.0, 0.19039703210818615, 0.11221849993241803, 0.3805734447675898, 1.8661784455255672e-05, 1.7239564405536583e-06, 5.151893945840035e-06, 0.306856178161853, 0.00990916288140852, 2.014451370249335e-05, 0.0, 0.0], [0.0, 0.09586677770438057, 0.33447681807804835, 0.37230273515886364, 0.01831866017609165, 7.256488264917582e-05, 1.404119490196743e-06, 0.1686608193642644, 0.010299368439690022, 8.520765228161544e-07, 0.0, 0.0], [0.0, 0.2018857312336636, 0.26120688696919436, 0.3758608025997286, 0.0659127205241014, 0.0011860681132701957, 3.7197828431236903e-06, 0.08369881183250491, 0.010245197986939666, 6.095775338847619e-08, 0.0, 0.0], [0.0, 0.2591075848026188, 0.20985865722125513, 0.2973098645983313, 0.1352627384233132, 0.018051478507585213, 0.00020297096960046222, 0.021380572135477227, 0.058826131971217346, 1.3706021636005508e-09, 0.0, 0.0], [0.0, 0.20314035285263857, 0.2663359059087762, 0.03324866703865375, 0.2538650344529869, 0.15462009199109686, 0.0008875447990291099, 4.4564323452065535e-05, 0.08785783863224388, 1.1243897612936584e-12, 0.0, 0.0], [0.0, 0.00033786798467663694, 0.0001983940352543977, 0.00024164138711169655, 0.013133755081447885, 0.30160308709490047, 0.6841580273058339, 8.69932356160748e-06, 0.00031852778721383766, 1.0078237168864004e-18, 0.0, 0.0], [0.0, 0.0, 0.0, 0.0, 0.0, 0.0, 0.0, 0.0, 0.0, 0.0, 0.0, 1.0]], [\'@\', \'a\', \'b\', \'c\', \'d\', \'e\', \'f\', \'g\', \'h\', \'i\', \'j\', \'$\'])", "([1.0, 0.0, 0.0, 0.0, 0.0, 0.0, 0.0, 0.0, 0.0, 0.0, 0.0, 0.0, 0.0], [[0.0, 1.0, 0.0, 0.0, 0.0, 0.0, 0.0, 0.0, 0.0, 0.0, 0.0, 0.0, 0.0], [0.0, 0.00028785464367475953, 0.9856961467633031, 0.010577057954709621, 0.0029825400306854703, 0.0004129098329621227, 3.683984147253982e-05, 5.574465522356052e-06, 9.770775316124839e-07, 8.645121261941824e-08, 1.2336733331030387e-08, 6.0219230896814855e-10, 5.054843662561573e-27], [0.0, 0.0, 0.01599632610889044, 0.9651687100376115, 0.013045549448301798, 0.0046028440959841425, 0.0009956489687477652, 0.00015441950003636836, 3.1367710534876587e-05, 4.570178929704734e-06, 5.225989190457716e-07, 4.13520429715637e-08, 4.932156719508093e-16], [0.0, 0.0, 0.0, 0.01719213131667187, 0.9619282777267429, 0.014036366666379143, 0.005165568277142821, 0.0013064398368071613, 0.00030149643233080126, 5.849954543374497e-05, 1.0401342526831625e-05, 8.188556271874944e-07, 3.37635993057315e-13], [0.0, 0.0, 0.0, 0.0, 0.018243757138658282, 0.9560063906669579, 0.015914927920340157, 0.006665482478966973, 0.0023643763499852197, 0.0006354156561796532, 0.00015147619203153772, 1.817352797355959e-05, 6.890692412173187e-11], [0.0, 0.0, 0.0, 0.0, 0.0, 0.019721724524003496, 0.9503383290912499, 0.017869162554183006, 0.007661241829195222, 0.0032032898022105166, 0.0010007512573928178, 0.00020549722060025338, 3.721163879615693e-09], [0.0, 0.0, 0.0, 0.0, 0.0, 0.0, 0.024361891037213187, 0.940533455937669, 0.021243916668907046, 0.009189916347356957, 0.003727866328657232, 0.0009427244675305864, 2.2921266498165203e-07], [0.0, 0.0, 0.0, 0.0, 0.0, 0.0, 0.0, 0.029087879339371493, 0.934089813158534, 0.02548781045301175, 0.009167684241883058, 0.002155117388208043, 1.1695418989498867e-05], [0.0, 0.0, 0.0, 0.0, 0.0, 0.0, 0.0, 0.0, 0.0331133894889683, 0.92515601778358, 0.03229209093727873, 0.009061671758819858, 0.0003768300313528157], [0.0, 0.0, 0.0, 0.0, 0.0, 0.0, 0.0, 0.0, 0.0, 0.03889745888759743, 0.9143077391612312, 0.040789604136108125, 0.00600519781506554], [0.0, 0.0, 0.0, 0.0, 0.0, 0.0, 0.0, 0.0, 0.0, 0.0, 0.058380759574654786, 0.8935137375848221, 0.048105502840525796], [0.0, 0.0, 0.0, 0.0, 0.0, 0.0, 0.0, 0.0, 0.0, 0.0, 0.0, 0.14566276644003506, 0.8543372335599657], [1.0, 0.0, 0.0, 0.0, 0.0, 0.0, 0.0, 0.0, 0.0, 0.0, 0.0, 0.0, 0.0]], [[1.0, 0.0, 0.0, 0.0, 0.0, 0.0, 0.0, 0.0, 0.0, 0.0, 0.0, 0.0], [0.0, 0.0, 0.0, 0.0, 0.00011351990980746931, 0.011282245861930721, 0.9886042331066144, 0.0, 1.1177231372584178e-09, 3.9250818191085837e-12, 8.527666287775512e-32, 0.0], [0.0, 0.0, 0.0, 0.0, 0.05444295369533846, 0.9455556939955537, 7.619414616820944e-08, 0.0, 1.2751537057236875e-06, 9.612555052074416e-10, 5.79942954558181e-27, 0.0], [0.0, 0.0, 0.0, 0.0, 0.25429850265887605, 0.7272274268284755, 4.997174613803737e-05, 0.0, 0.018423856900167967, 2.418663429380075e-07, 1.555476679760171e-18, 0.0], [0.0, 0.0, 0.0, 0.0, 0.2824249986084438, 0.6107598317141867, 0.010666110224636228, 0.0, 0.0960643286303706, 8.473082235352809e-05, 9.88269997201961e-15, 0.0], [0.0, 0.0, 0.0, 0.0, 0.5027061831057515, 0.3772789929578994, 4.683610404464372e-05, 0.0, 0.10960404709897514, 0.010363940718474195, 1.485498463087293e-11, 0.0], [0.0, 0.0, 0.0, 0.0, 0.5198628180671105, 0.1911654300874695, 0.0005414112158136105, 0.0, 0.2880654768007285, 0.0003648633246513868, 5.042262748131583e-10, 0.0], [0.0, 0.0, 0.0, 0.0, 0.43427919367936946, 0.16791071703099208, 0.010256069695313584, 0.0, 0.38517723150225386, 0.0023767675006914134, 2.059137924253127e-08, 0.0], [0.0, 0.0, 0.0, 0.0, 0.4679478627976653, 0.19891927729224151, 0.014291401961304816, 0.0, 0.263988432705373, 0.054850684794154426, 2.3404492612160803e-06, 0.0], [0.0, 0.0, 0.0, 0.0, 0.45149945037273465, 0.14125678393077148, 0.07516745995031378, 0.0, 0.19207347656387047, 0.13967941230970035, 0.00032341687261001065, 0.0], [0.0, 0.0, 0.0, 0.0, 0.22388228043737973, 0.15813128041707813, 0.1295545680345284, 0.0, 0.20115260162434004, 0.2769271439234877, 0.010352125563187412, 0.0], [0.0, 0.0, 0.0, 0.0, 0.17202693244578224, 0.05782939785333149, 0.5073417985197557, 0.0, 0.023904896425484636, 0.2384999183699747, 0.00039705638567273134, 0.0], [0.0, 0.0, 0.0, 0.0, 0.0, 0.0, 0.0, 0.0, 0.0, 0.0, 0.0, 1.0]], [\'@\', \'a\', \'b\', \'c\', \'d\', \'e\', \'f\', \'g\', \'h\', \'i\', \'j\', \'$\'])", "([1.0, 0.0, 0.0, 0.0, 0.0, 0.0, 0.0, 0.0, 0.0, 0.0, 0.0, 0.0, 0.0], [[0.0, 1.0, 0.0, 0.0, 0.0, 0.0, 0.0, 0.0, 0.0, 0.0, 0.0, 0.0, 0.0], [0.0, 0.010336685512880334, 0.9750612946601155, 0.010656572891537971, 0.003101307044945484, 0.000646872969634676, 0.00013118919216584395, 2.9547708722545942e-05, 2.0812611023229133e-05, 1.404690221058929e-05, 1.6096890251145666e-06, 6.081773816951125e-08, 1.9498353068903302e-16], [0.0, 0.0, 0.009692931428159551, 0.9734696926329672, 0.012170705710212872, 0.003453866007552614, 0.0006601496583982138, 0.00016855098494368754, 0.00010476693136559076, 0.00017935194953134362, 9.331906236329297e-05, 6.665634495783515e-06, 1.0311724593918388e-14], [0.0, 0.0, 0.0, 0.010303611716617951, 0.9693678291209352, 0.01334655920299279, 0.003683904521863566, 0.0009148730213048622, 0.0007621557950569859, 0.00033062940177903515, 0.0010458687008973733, 0.0002445685183306688, 2.2115145956531643e-13], [0.0, 0.0, 0.0, 0.0, 0.011832615821364998, 0.9673191610327647, 0.013813588877193427, 0.003542716337630517, 0.0006919328049526956, 0.0005240747234507419, 0.00024631348882339876, 0.002029596908124381, 5.697126268160999e-12], [0.0, 0.0, 0.0, 0.0, 0.0, 0.014419281237114221, 0.9646505525832221, 0.014952167036310523, 0.003443167053783616, 0.0006315915207094953, 0.0005775505406580664, 0.0013256898873572267, 1.4084401871905998e-10], [0.0, 0.0, 0.0, 0.0, 0.0, 0.0, 0.017550554000976142, 0.9597783332307468, 0.016739646169361723, 0.0033354750066595037, 0.0004098141099578337, 0.002186175207437866, 2.2748596198326485e-09], [0.0, 0.0, 0.0, 0.0, 0.0, 0.0, 0.0, 0.020094288891477755, 0.9571765838969076, 0.018985376759878502, 0.0032225643399826018, 0.0005208082098834249, 3.779018709837473e-07], [0.0, 0.0, 0.0, 0.0, 0.0, 0.0, 0.0, 0.0, 0.025708705535464862, 0.9487744749415681, 0.022466858446698525, 0.0030315896673782333, 1.837140889077491e-05], [0.0, 0.0, 0.0, 0.0, 0.0, 0.0, 0.0, 0.0, 0.0, 0.034680507127892966, 0.9378067681784494, 0.026953938751999734, 0.0005587859416577503], [0.0, 0.0, 0.0, 0.0, 0.0, 0.0, 0.0, 0.0, 0.0, 0.0, 0.05976287693100033, 0.9367286926389804, 0.0035084304300180623], [0.0, 0.0, 0.0, 0.0, 0.0, 0.0, 0.0, 0.0, 0.0, 0.0, 0.0, 0.051983895253441104, 0.9480161047465573], [1.0, 0.0, 0.0, 0.0, 0.0, 0.0, 0.0, 0.0, 0.0, 0.0, 0.0, 0.0, 0.0]], [[1.0, 0.0, 0.0, 0.0, 0.0, 0.0, 0.0, 0.0, 0.0, 0.0, 0.0, 0.0], [0.0, 0.033265025345813194, 0.0665297773424032, 0.0332020668956378, 0.23333435691068918, 0.07779549838322661, 0.4331803183263131, 0.010997379201330221, 0.022081099825077725, 0.08954749645026185, 6.698131924767267e-05, 0.0], [0.0, 0.02206663707416606, 0.10129585861881948, 0.1357723373384791, 0.3556313117349331, 0.1561207584994773, 0.12112476127128126, 0.00015709763485165828, 0.04202655060738091, 0.054799567655673544, 0.01100511956493913, 0.0], [0.0, 0.011205181869060589, 0.07728815559103908, 0.0783062071667705, 0.38974996935128525, 0.08918139030573657, 0.05378444411156686, 0.03333319948666374, 0.24493878384450143, 0.022123871185736988, 8.879708763884517e-05, 0.0], [0.0, 0.01183896985284862, 0.06889899754747186, 0.04348742536315524, 0.33656145290919215, 0.1222871051265591, 0.056025317903456016, 0.00013554630393174943, 0.3380372150007124, 0.022721791276996167, 6.178715677855261e-06, 0.0], [0.0, 0.010647853788247279, 0.009146447436927094, 0.0008224840286986701, 0.4901120951701267, 0.11346974274312113, 0.005102218336072105, 4.840126871479039e-05, 0.33708179493720924, 0.03356843370763658, 5.285832459097996e-07, 0.0], [0.0, 6.524770241774704e-05, 0.0004069135683923116, 0.010258933627538403, 0.3583590714629119, 0.22059465645887438, 5.724503680114045e-05, 1.1376185501517415e-05, 0.3955517111200987, 0.01469476459309719, 8.024436647207859e-08, 0.0], [0.0, 5.222874909505388e-06, 0.00010158528648844554, 8.678815972168495e-05, 0.5024260961693836, 0.2719304111036347, 0.0008350207692777492, 1.5961058352117772e-06, 0.22430545097321605, 0.0003078236299447715, 4.927588126229669e-09, 0.0], [0.0, 4.354338386641403e-07, 7.062498325578869e-05, 1.1382261955555069e-06, 0.474658299873163, 0.3801127343416649, 0.0008109856573218331, 7.983732035638914e-10, 0.14424157522478825, 0.00010420434893096254, 1.1124684707639318e-09, 0.0], [0.0, 2.4242214176323844e-09, 0.00019786335821680477, 6.43072810832708e-08, 0.405292488822411, 0.5727167124194846, 0.0020703512348205677, 2.129356471219297e-09, 0.019416289270676394, 0.0003062260287844022, 4.7464721737159055e-12, 0.0], [0.0, 3.896000480900888e-11, 2.5906589833561644e-05, 6.574637815285451e-10, 0.18561772515248626, 0.8018425655316482, 0.0008183790108684045, 3.0643152210161744e-11, 0.009890799701446651, 0.001804623286487741, 1.6287148591734306e-13, 0.0], [0.0, 5.650271142192693e-13, 3.0748744639071925e-07, 1.714043714599223e-12, 0.018492606658877482, 0.0018525515791544234, 0.9745624121864845, 2.995134213818573e-18, 0.00031078512114522845, 0.004781336964611284, 2.4097230175608337e-20, 0.0], [0.0, 0.0, 0.0, 0.0, 0.0, 0.0, 0.0, 0.0, 0.0, 0.0, 0.0, 1.0]], [\'@\', \'a\', \'b\', \'c\', \'d\', \'e\', \'f\', \'g\', \'h\', \'i\', \'j\', \'$\'])", "([1.0, 0.0, 0.0, 0.0, 0.0, 0.0, 0.0, 0.0, 0.0, 0.0, 0.0, 0.0, 0.0], [[0.0, 1.0, 0.0, 0.0, 0.0, 0.0, 0.0, 0.0, 0.0, 0.0, 0.0, 0.0, 0.0], [0.0, 0.014862496573360574, 0.9661762644774423, 0.013564014147472624, 0.004254788885386199, 0.0009731060714882149, 0.00015530927653877553, 1.3243565943119937e-05, 7.632138452758591e-07, 1.332374487840135e-08, 4.52893111061947e-10, 1.1884385983534367e-11, 3.872463974217339e-22], [0.0, 0.0, 0.014790654150244826, 0.9675684401799975, 0.012710785707978556, 0.0037294184909741775, 0.001012232442898147, 0.00016839373520210178, 1.9300343896307572e-05, 7.345916697688773e-07, 4.0130060017126965e-08, 2.270789304297145e-10, 1.1569232787097314e-16], [0.0, 0.0, 0.0, 0.016482709367078126, 0.9645913435371016, 0.013504478605302368, 0.00417135598546387, 0.001014927098489161, 0.00021328868034199713, 2.0366564098499094e-05, 1.5179814094962467e-06, 1.2180679811982669e-08, 3.5940231468669186e-14], [0.0, 0.0, 0.0, 0.0, 0.020639476042961083, 0.9580701771023612, 0.015177847597801539, 0.00467281389864425, 0.0011748504005962197, 0.000241063094048379, 2.3096303833419203e-05, 6.755236422116218e-07, 3.6111773681304897e-11], [0.0, 0.0, 0.0, 0.0, 0.0, 0.023001277158330818, 0.9530079852144739, 0.016850259856049994, 0.0055171659389073036, 0.0013800078432758206, 0.0002224255407670341, 2.087115293907562e-05, 7.295254141699145e-09], [0.0, 0.0, 0.0, 0.0, 0.0, 0.0, 0.027088384389933256, 0.9416962733993035, 0.021428207306959123, 0.007626216187441153, 0.0019149846544882984, 0.0002453049124416159, 6.29149433593581e-07], [0.0, 0.0, 0.0, 0.0, 0.0, 0.0, 0.0, 0.028887578302415087, 0.9330731870614791, 0.027186707795395226, 0.00917718609184077, 0.001644867201910337, 3.0473546961343296e-05], [0.0, 0.0, 0.0, 0.0, 0.0, 0.0, 0.0, 0.0, 0.031043456431732248, 0.923311662133665, 0.03550976602636512, 0.009391452065929088, 0.0007436633423078266], [0.0, 0.0, 0.0, 0.0, 0.0, 0.0, 0.0, 0.0, 0.0, 0.03638333604452176, 0.9108679078247975, 0.04437850724922146, 0.008370248881458531], [0.0, 0.0, 0.0, 0.0, 0.0, 0.0, 0.0, 0.0, 0.0, 0.0, 0.05329499951243624, 0.8908712197089225, 0.05583378077864047], [0.0, 0.0, 0.0, 0.0, 0.0, 0.0, 0.0, 0.0, 0.0, 0.0, 0.0, 0.12792597453496524, 0.8720740254650352], [1.0, 0.0, 0.0, 0.0, 0.0, 0.0, 0.0, 0.0, 0.0, 0.0, 0.0, 0.0, 0.0]], [[1.0, 0.0, 0.0, 0.0, 0.0, 0.0, 0.0, 0.0, 0.0, 0.0, 0.0, 0.0], [0.0, 0.03341388673026345, 0.033268958270191745, 0.04417729002854962, 0.232259048482953, 0.12375260515104722, 0.522061292440691, 0.011054417861592315, 1.250103471154394e-05, 4.654167702835634e-19, 0.0, 0.0], [0.0, 0.11170560341931605, 0.428789196821204, 0.11007779016725427, 0.13394400579974214, 0.14589920047585478, 0.02567578780966858, 0.040082715540253756, 0.003825699966639658, 6.76370004250018e-14, 0.0, 0.0], [0.0, 0.13505656889308576, 0.3119829343130453, 0.26647786951561464, 0.06449338679524441, 0.04405439558894973, 5.105885561038566e-05, 0.15941930771630516, 0.018464478316482975, 5.661781207615431e-12, 0.0, 0.0], [0.0, 0.12218991173376173, 0.2411795493499992, 0.3901448868493047, 9.351100413224207e-05, 0.007534573224120956, 6.647994698190209e-06, 0.23869722170603175, 0.00015369649276310768, 1.645188521804142e-09, 0.0, 0.0], [0.0, 0.14629804162985802, 0.24514289094024264, 0.3768409722579406, 6.886993146980025e-05, 0.00010790736744626514, 1.0927402156493935e-06, 0.22356189509447705, 0.007978230212904053, 9.98254451049173e-08, 0.0, 0.0], [0.0, 0.1537236502621756, 0.30457965125665326, 0.33075291325911116, 0.00020532856032108023, 0.00013315851117555187, 2.2224505509392767e-09, 0.19774297146397227, 0.012858719786350009, 3.604677790373755e-06, 0.0, 0.0], [0.0, 0.10996045296627802, 0.24133623356457196, 0.36263016538023035, 0.05104754395280674, 0.009717851595368383, 1.9790654756133887e-05, 0.20957427195306583, 0.015710061275476365, 3.628657447064782e-06, 0.0, 0.0], [0.0, 0.051964024557621044, 0.2549391419897228, 0.2642660803356187, 0.21283875636273986, 0.031714657552220214, 0.0007516321390400762, 0.11255706662250115, 0.0596243425504213, 0.01134429789011411, 0.0, 0.0], [0.0, 0.05454508159281203, 0.057947838986296, 0.20212996743070047, 0.28941341935426534, 0.09167933574476868, 0.021571080498599134, 0.08198751865916304, 0.15093441853172596, 0.04979133920167018, 0.0, 0.0], [0.0, 0.009882543615953384, 0.05454790867500191, 0.05549771869841318, 0.22228652079004116, 0.09569615055803674, 0.13878814317117594, 0.07256799314318031, 0.19984457818734733, 0.15088844316085032, 0.0, 0.0], [0.0, 0.010242133564066013, 0.00885609031182171, 0.00628344647156489, 0.14898009122996153, 0.06973666279421144, 0.5350734596765587, 0.007839002384624138, 0.024727695752950318, 0.18826141781424172, 0.0, 0.0], [0.0, 0.0, 0.0, 0.0, 0.0, 0.0, 0.0, 0.0, 0.0, 0.0, 0.0, 1.0]], [\'@\', \'a\', \'b\', \'c\', \'d\', \'e\', \'f\', \'g\', \'h\', \'i\', \'j\', \'$\'])", "([1.0, 0.0, 0.0, 0.0, 0.0, 0.0, 0.0, 0.0, 0.0, 0.0, 0.0, 0.0, 0.0], [[0.0, 1.0, 0.0, 0.0, 0.0, 0.0, 0.0, 0.0, 0.0, 0.0, 0.0, 0.0, 0.0], [0.0, 0.012544479088298298, 0.9668733763167576, 0.013585320372515067, 0.005549010753774934, 0.0012354203344819904, 0.00018763997755350917, 2.2381238556682677e-05, 2.192547587544271e-06, 1.6780712987724449e-07, 1.0834825729174131e-08, 7.285191293057818e-10, 2.73397742795018e-19], [0.0, 0.0, 0.0128124162240455, 0.9662699009105096, 0.01425006513870129, 0.005136697298282658, 0.0012976046062315415, 0.00020952868965567803, 2.2078833129578883e-05, 1.6180484032598839e-06, 8.33625219383674e-08, 6.888519198739542e-09, 3.8546396764651663e-16], [0.0, 0.0, 0.0, 0.014242410009514397, 0.9639838870297004, 0.014871477271594227, 0.00537268614841294, 0.001313586878530068, 0.00019596541931295395, 1.8935336033212276e-05, 1.012959586986284e-06, 3.8947036680527165e-08, 2.7693521104876244e-13], [0.0, 0.0, 0.0, 0.0, 0.01755969216612587, 0.958594458239624, 0.01664293778521406, 0.00574944872729267, 0.0012632665482897576, 0.0001759841488235243, 1.3524031975807491e-05, 6.8824998852617325e-07, 1.0266469473372146e-10], [0.0, 0.0, 0.0, 0.0, 0.0, 0.02034117180717889, 0.9541772246544697, 0.018145770548533762, 0.005899363391518128, 0.0012643798310968144, 0.00015981815730024785, 1.2256566850700228e-05, 1.504305081371021e-08], [0.0, 0.0, 0.0, 0.0, 0.0, 0.0, 0.024780029787227147, 0.946170583386845, 0.02070094424632412, 0.006751625990959299, 0.001418055309717972, 0.00017772624298480563, 1.0350359416550696e-06], [0.0, 0.0, 0.0, 0.0, 0.0, 0.0, 0.0, 0.029397623468658696, 0.9364834536309656, 0.02484659326142226, 0.007751560724962695, 0.0014908990552384195, 2.9869858754257392e-05], [0.0, 0.0, 0.0, 0.0, 0.0, 0.0, 0.0, 0.0, 0.03507132754989838, 0.9268790457959304, 0.029638308090444796, 0.007847454250517662, 0.0005638643132099084], [0.0, 0.0, 0.0, 0.0, 0.0, 0.0, 0.0, 0.0, 0.0, 0.04268632571495177, 0.9099400406998268, 0.03996233396866497, 0.007411299616557637], [0.0, 0.0, 0.0, 0.0, 0.0, 0.0, 0.0, 0.0, 0.0, 0.0, 0.054898172570910175, 0.8912685591548954, 0.0538332682741946], [0.0, 0.0, 0.0, 0.0, 0.0, 0.0, 0.0, 0.0, 0.0, 0.0, 0.0, 0.12226399969939779, 0.877736000300603], [1.0, 0.0, 0.0, 0.0, 0.0, 0.0, 0.0, 0.0, 0.0, 0.0, 0.0, 0.0, 0.0]], [[1.0, 0.0, 0.0, 0.0, 0.0, 0.0, 0.0, 0.0, 0.0, 0.0, 0.0, 0.0], [0.0, 0.03342498290964797, 0.04456405531322468, 0.0558009328126555, 0.232555875231603, 0.07852367857599184, 0.46680346516950205, 0.01102239334201607, 0.03312476499334349, 0.044041600172963526, 0.00013825147905260665, 0.0], [0.0, 0.033577610831420475, 0.1019649113998621, 0.07752174897745567, 0.31374796946371075, 0.10194312105492272, 0.23333635435106306, 0.03339447963831454, 0.07160086859319946, 0.021866332587488012, 0.011046603102563023, 0.0], [0.0, 0.010632014950429909, 0.04387876629150873, 0.0217120185405261, 0.4326587775641252, 0.057160345579346655, 0.05184667133081067, 0.011168129646453098, 0.326071545916661, 0.04486112614648081, 1.0604033657555159e-05, 0.0], [0.0, 7.423506793636803e-05, 0.034132281748491165, 0.05792582374688541, 0.31659919090848143, 0.042284895051424846, 0.00012874886611555995, 0.0005360788744865012, 0.5365980750252796, 0.011718004684019243, 2.6660268791870703e-06, 0.0], [0.0, 6.083643281504817e-05, 0.012679055078592894, 0.032601528639976306, 0.2701530134494464, 0.033442896272948476, 0.00011636037741483414, 0.010707971525508894, 0.6401652638901297, 7.188214544101283e-05, 1.1921877253429882e-06, 0.0], [0.0, 3.426686212870432e-06, 0.010393765932594235, 0.0012398662690802477, 0.2570710471856014, 0.044391935083711, 1.012776707064328e-05, 0.00021103920566655822, 0.6866332557405949, 4.544923030718983e-05, 8.68991607733862e-08, 0.0], [0.0, 1.3215139843303458e-06, 0.009442737074047582, 0.0007206238066154154, 0.3573143062612912, 0.030936818210126213, 2.902191959434615e-05, 4.808282144569153e-05, 0.6012023916051192, 0.00030468910148483743, 7.686292549163885e-09, 0.0], [0.0, 1.5378962204927975e-07, 0.00010905826668970812, 0.00940528765618676, 0.2989449731386727, 0.03562882194569921, 0.005946273412668685, 1.2504527282713787e-06, 0.6324457901176057, 0.017518386218303244, 5.001825562728871e-09, 0.0], [0.0, 5.043705325305424e-09, 5.851592823535481e-06, 3.4280897021010186e-05, 0.30104498157409953, 0.04250198213407419, 0.00842393929672988, 2.970854223169407e-07, 0.5594051777466343, 0.08858348382451199, 8.04978647267328e-10, 0.0], [0.0, 1.4034561654543583e-10, 2.565381811898357e-06, 1.4051815239089223e-05, 0.13491022340250663, 0.04762971969296861, 0.06766170520984542, 2.461047949773205e-08, 0.4038458421285372, 0.3459358673276809, 2.905864378025922e-10, 0.0], [0.0, 7.109202540927599e-11, 2.619826782816471e-07, 1.2922181311525713e-06, 0.1114624678373201, 0.03079473415543015, 0.3080459261909214, 9.602327320234078e-10, 0.09834505678247855, 0.45135025962329006, 1.7842622785243836e-10, 0.0], [0.0, 0.0, 0.0, 0.0, 0.0, 0.0, 0.0, 0.0, 0.0, 0.0, 0.0, 1.0]], [\'@\', \'a\', \'b\', \'c\', \'d\', \'e\', \'f\', \'g\', \'h\', \'i\', \'j\', \'$\'])", "([1.0, 0.0, 0.0, 0.0, 0.0, 0.0, 0.0, 0.0, 0.0, 0.0, 0.0, 0.0, 0.0], [[0.0, 1.0, 0.0, 0.0, 0.0, 0.0, 0.0, 0.0, 0.0, 0.0, 0.0, 0.0, 0.0], [0.0, 0.0029430088096088066, 0.9849349385711859, 0.009847429528757187, 0.002128170634405671, 0.00013670568845701946, 8.763579850697107e-06, 8.165495173073857e-07, 1.3889218922291315e-07, 2.5011457653054157e-08, 2.625439003819567e-09, 1.0913028754233232e-10, 5.679582459912808e-23], [0.0, 0.0, 0.016080917171829284, 0.9701084762756997, 0.010811347878032356, 0.002634208157712616, 0.00033385917880512575, 2.6619822787573866e-05, 3.9750510134680566e-06, 5.537712596748686e-07, 4.223444072968496e-08, 4.584204985451019e-10, 1.8396608485454409e-20], [0.0, 0.0, 0.0, 0.01671129258846885, 0.9656111367960393, 0.012890176560139147, 0.0038698743508833924, 0.0007614276578287063, 0.00013632202023837359, 1.855855140495257e-05, 1.2031654463474832e-06, 8.309549142858508e-09, 9.635408343926116e-16], [0.0, 0.0, 0.0, 0.0, 0.01664397689718548, 0.9599679200619239, 0.016205104818357605, 0.005382238105567184, 0.0015244610425020923, 0.0002563652785373462, 1.9787292711643034e-05, 1.465026703312788e-07, 5.434289085481043e-13], [0.0, 0.0, 0.0, 0.0, 0.0, 0.01473092141248428, 0.958458357007191, 0.01857290421871834, 0.00652595357468077, 0.0015417296378134298, 0.0001662255616713787, 3.9083344275704555e-06, 2.5301378076770633e-10], [0.0, 0.0, 0.0, 0.0, 0.0, 0.0, 0.018956052776916622, 0.9529357092343609, 0.020531394207270872, 0.0064017304167898765, 0.001102871634345976, 7.221902729414349e-05, 2.270302198305215e-08], [0.0, 0.0, 0.0, 0.0, 0.0, 0.0, 0.0, 0.025932705494397204, 0.9429731701461284, 0.024236237505311464, 0.006210495532253255, 0.0006451081827521762, 2.2831391559190903e-06], [0.0, 0.0, 0.0, 0.0, 0.0, 0.0, 0.0, 0.0, 0.029416494085811193, 0.9358144548526776, 0.029319858784793935, 0.005332706437495614, 0.0001164858392211659], [0.0, 0.0, 0.0, 0.0, 0.0, 0.0, 0.0, 0.0, 0.0, 0.0349739998698589, 0.9251267065723322, 0.037140828039442464, 0.0027584655183675254], [0.0, 0.0, 0.0, 0.0, 0.0, 0.0, 0.0, 0.0, 0.0, 0.0, 0.04820048272379557, 0.9173175011423518, 0.03448201613385202], [0.0, 0.0, 0.0, 0.0, 0.0, 0.0, 0.0, 0.0, 0.0, 0.0, 0.0, 0.08754657898012165, 0.912453421019877], [1.0, 0.0, 0.0, 0.0, 0.0, 0.0, 0.0, 0.0, 0.0, 0.0, 0.0, 0.0, 0.0]], [[1.0, 0.0, 0.0, 0.0, 0.0, 0.0, 0.0, 0.0, 0.0, 0.0, 0.0, 0.0], [0.0, 6.135251348467987e-16, 6.606503920011085e-11, 6.124073930511396e-12, 3.3619609422328027e-05, 0.000274402264675945, 0.9996795766928299, 5.233325544413169e-09, 2.296711656764854e-08, 1.2373160439954387e-05, 0.0, 0.0], [0.0, 1.536147878951044e-08, 9.459721967877636e-07, 4.909945012978877e-07, 0.11858727868088147, 0.8708382592254666, 0.009823475199785683, 4.68921401353346e-07, 8.598525629673317e-05, 0.0006630803879926904, 0.0, 0.0], [0.0, 5.206651762559099e-07, 0.009979669101999378, 8.173901630369544e-05, 0.3584255929935475, 0.5550707056832116, 0.01014717976528725, 3.3774334143229927e-05, 0.06615172256907267, 0.00010909587125810604, 0.0, 0.0], [0.0, 0.0003809838386814196, 0.004090940927813192, 0.07149034995975913, 0.39744656211833845, 0.3954175764316173, 0.0001950914740308356, 0.03141143343880098, 0.08933075454048162, 0.01023630727047619, 0.0, 0.0], [0.0, 0.09827457189462077, 0.10825163959149701, 0.17212164396352606, 0.24589726667631526, 0.17119861006961182, 0.010456247855646379, 0.07989765635814533, 0.11379144714296624, 0.00011091644767173023, 0.0, 0.0], [0.0, 0.1134582249388025, 0.26240901660857535, 0.2881055189652596, 0.0909805225753099, 0.028420888571230356, 0.00016077723560915238, 0.17229312789934673, 0.04415018457888593, 2.1738626980589886e-05, 0.0, 0.0], [0.0, 0.13065829122603917, 0.25393431309980563, 0.4250676063890998, 0.005348871953014952, 0.000991698547353968, 2.463543350361492e-05, 0.18380753579251313, 0.00016549323218996908, 1.554326479631151e-06, 0.0, 0.0], [0.0, 0.1386347061878433, 0.3280161802584077, 0.32318268388686794, 0.03880743758417361, 0.014822126341330495, 8.78095796828465e-07, 0.15642004118384298, 9.915078653377199e-05, 1.6795675202504978e-05, 0.0, 0.0], [0.0, 0.12606879183599526, 0.42529425796236686, 0.20994918154262293, 0.11968888730992967, 0.06531149883919085, 7.270581955165757e-05, 0.05128605198373975, 0.0005508020967517654, 0.001777822609852182, 0.0, 0.0], [0.0, 0.12033715044021001, 0.28884853192384724, 0.13367088569339905, 0.22329744725251482, 0.15673093795301007, 0.018920252976743997, 0.010851118530646256, 0.032621012023161304, 0.014722663206466249, 0.0, 0.0], [0.0, 0.0012949452937615943, 0.0007527550833808362, 0.01502086670556142, 0.20790726329410045, 0.12400735731751884, 0.582305266973286, 8.620158202717239e-05, 0.02111159484563946, 0.04751374890472316, 0.0, 0.0], [0.0, 0.0, 0.0, 0.0, 0.0, 0.0, 0.0, 0.0, 0.0, 0.0, 0.0, 1.0]], [\'@\', \'a\', \'b\', \'c\', \'d\', \'e\', \'f\', \'g\', \'h\', \'i\', \'j\', \'$\'])", "([1.0, 0.0, 0.0, 0.0, 0.0, 0.0, 0.0, 0.0, 0.0, 0.0, 0.0, 0.0, 0.0], [[0.0, 1.0, 0.0, 0.0, 0.0, 0.0, 0.0, 0.0, 0.0, 0.0, 0.0, 0.0, 0.0], [0.0, 0.014290848432000281, 0.9693003399514128, 0.011970876050867515, 0.003465056873887849, 0.0005246707478875184, 0.0001502675574972956, 0.00011054572505023115, 0.00011533944280532084, 4.984996995351012e-05, 1.8532219745863476e-05, 3.673028890966277e-06, 5.524146653463852e-17], [0.0, 0.0, 0.013011315416111979, 0.9663394398896022, 0.013428967723419435, 0.0045238310248591745, 0.0014660842583935128, 0.0006291538802570037, 0.0003494072186309658, 0.0001775516169811545, 6.196483559326006e-05, 1.2284136141165147e-05, 9.018948396567998e-15], [0.0, 0.0, 0.0, 0.014446516958540555, 0.9623376885872514, 0.014624381510718952, 0.005300245113350643, 0.0019731758459028406, 0.0008265828925078465, 0.0003225338203204001, 0.0001364846871996896, 3.2390583140101388e-05, 1.0667221342024795e-12], [0.0, 0.0, 0.0, 0.0, 0.016869839808961066, 0.9570723645194, 0.016470280643758422, 0.006352112557706948, 0.0023271827310946827, 0.0006644958660204996, 0.00020105175388791417, 4.267204747517687e-05, 7.169356086360426e-11], [0.0, 0.0, 0.0, 0.0, 0.0, 0.02153857857415246, 0.9505273083636484, 0.018479557237423488, 0.007001901943631723, 0.001943173588739602, 0.0004315094519048458, 7.7967934231796825e-05, 2.9062687070702755e-09], [0.0, 0.0, 0.0, 0.0, 0.0, 0.0, 0.024951974456173025, 0.9432874465646695, 0.02227290994830299, 0.00755314155019327, 0.0016677918176088602, 0.00026658287102028017, 1.5279203017755774e-07], [0.0, 0.0, 0.0, 0.0, 0.0, 0.0, 0.0, 0.027492461285559062, 0.9367969457394207, 0.026232866873254053, 0.007973257891090338, 0.001497522922894533, 6.945287780837313e-06], [0.0, 0.0, 0.0, 0.0, 0.0, 0.0, 0.0, 0.0, 0.029084232505815495, 0.9275705076232157, 0.033343667507576176, 0.009745693917416991, 0.0002558984459752362], [0.0, 0.0, 0.0, 0.0, 0.0, 0.0, 0.0, 0.0, 0.0, 0.03856959910115609, 0.9132256059319441, 0.04348269587274134, 0.004722099094157581], [0.0, 0.0, 0.0, 0.0, 0.0, 0.0, 0.0, 0.0, 0.0, 0.0, 0.06106357662233214, 0.8951056776748646, 0.043830745702804326], [0.0, 0.0, 0.0, 0.0, 0.0, 0.0, 0.0, 0.0, 0.0, 0.0, 0.0, 0.13630443204225778, 0.8636955679577424], [1.0, 0.0, 0.0, 0.0, 0.0, 0.0, 0.0, 0.0, 0.0, 0.0, 0.0, 0.0, 0.0]], [[1.0, 0.0, 0.0, 0.0, 0.0, 0.0, 0.0, 0.0, 0.0, 0.0, 0.0, 0.0], [0.0, 2.4417637991199004e-05, 0.01103694560336233, 0.02217340687070369, 0.1772246181477728, 0.05498524900362264, 0.5907205640631389, 0.00013769659620781514, 2.6118236574035643e-05, 0.14367098384062696, 0.0, 0.0], [0.0, 0.011124703044655609, 0.010934511503591517, 0.033820982250384046, 0.21483833554920456, 0.02273532405164507, 0.35309434959749875, 0.022065901302642823, 0.10156861277250605, 0.22981727992787096, 0.0, 0.0], [0.0, 2.5596873669080846e-06, 9.018053611307412e-05, 0.010795374403053124, 0.09824798745612988, 0.03273417985232506, 0.18917305542647175, 7.345830868053559e-05, 0.06829374706410124, 0.6005894572657586, 0.0, 0.0], [0.0, 2.8120610642761155e-08, 3.5312190541427193e-05, 0.01090869355151435, 0.06473145261719895, 0.0002487742413565708, 0.14770843851535068, 1.3841690189998934e-06, 0.05514638484639855, 0.721219531748008, 0.0, 0.0], [0.0, 9.163741448169366e-08, 6.753789111706241e-06, 0.00014932865263678604, 0.00012569837462070638, 3.7353624642642425e-05, 0.09818894398970465, 1.0324278560829114e-06, 0.032779472302869685, 0.8687113252011444, 0.0, 0.0], [0.0, 2.2714921690355823e-06, 7.445545554383144e-07, 8.928235802449453e-06, 0.0026916787388831047, 7.208466851031473e-05, 0.11295965759485592, 4.811181429054634e-05, 0.00011424781193915983, 0.8841022750889936, 0.0, 0.0], [0.0, 8.590136679260596e-05, 9.334456397007452e-06, 2.6311376499190504e-06, 0.03895606529846375, 0.0024045478024354444, 0.12639622583242177, 0.0001383049610552867, 0.007917762018742888, 0.8240892271260412, 0.0, 0.0], [0.0, 0.0009526529861816791, 0.0002469427825582237, 0.00012093585365743873, 0.17853642460689298, 0.014637761964207718, 0.19341556741105495, 0.02090991023649293, 0.08239221349399574, 0.5087875906649588, 0.0, 0.0], [0.0, 0.008986211424911206, 0.011408736939276257, 0.006519074889105526, 0.2990751316837155, 0.07082742008386995, 0.22535917625373023, 0.00135499434106921, 0.08350973198003105, 0.29295952240429135, 0.0, 0.0], [0.0, 0.02054634412326412, 0.009823150324584083, 0.004211212147785292, 0.23448426771833772, 0.08860076236266694, 0.3974536462177716, 0.021801317216546257, 0.026852814548248637, 0.19622648534079556, 0.0, 0.0], [0.0, 0.012711895208922902, 0.0008258838051370725, 0.00032849260446545127, 0.1615922706105783, 0.0023521772367691173, 0.6130719345260512, 0.0005566542397260617, 0.03256939342715988, 0.1759912983411898, 0.0, 0.0], [0.0, 0.0, 0.0, 0.0, 0.0, 0.0, 0.0, 0.0, 0.0, 0.0, 0.0, 1.0]], [\'@\', \'a\', \'b\', \'c\', \'d\', \'e\', \'f\', \'g\', \'h\', \'i\', \'j\', \'$\'])", "([1.0, 0.0, 0.0, 0.0, 0.0, 0.0, 0.0, 0.0, 0.0, 0.0, 0.0, 0.0, 0.0], [[0.0, 1.0, 0.0, 0.0, 0.0, 0.0, 0.0, 0.0, 0.0, 0.0, 0.0, 0.0, 0.0], [0.0, 0.014198847045587187, 0.9655928803401134, 0.01121630886482899, 0.005872760025041533, 0.002455690113922498, 0.0005043113457337512, 0.00011235529734828863, 3.3468502856857625e-05, 1.0269432287863483e-05, 2.5801152992173706e-06, 5.289169812160246e-07, 1.3252195172367385e-18], [0.0, 0.0, 0.014086882216118207, 0.9654814920533219, 0.012322814479932775, 0.005549128239818059, 0.0018519415183517005, 0.0005041469566521525, 0.00014417580210937615, 4.581002021910537e-05, 1.1330937530154785e-05, 2.2777759463810594e-06, 1.0087338271964437e-15], [0.0, 0.0, 0.0, 0.014183436557326482, 0.9624466644290207, 0.014515685922909947, 0.005946761379534303, 0.002031685228468101, 0.0006315494342560056, 0.0001872065403714473, 4.77221480767482e-05, 9.28835976427341e-06, 2.7370614459799154e-13], [0.0, 0.0, 0.0, 0.0, 0.015339828321720187, 0.9568167127279178, 0.017492384438312036, 0.007190409194280644, 0.0023059163945779474, 0.0006696807082061567, 0.00015452938124032293, 3.053879129117627e-05, 4.245282953404801e-11], [0.0, 0.0, 0.0, 0.0, 0.0, 0.01854427826351872, 0.949713921336351, 0.020394031013436693, 0.0082554215713161, 